# Begin snapshot, ctime=<replace>
# Date:<replace>
psc psc_status : 27032514 838860843 791281664 190909406 196611054 203620987 48628136 27394485 968
cc row_len : <replace>
cc num_rows : <replace>
cc fpga_temp : 82
cc card_temp : 26
cc card_id : 0x1251d49
cc card_type : 0xf03
cc slot_id : 8
cc fw_rev : 0x500000e
cc led : 0x3
cc scratch : 1534281884 0 0 0 0 0 0 0
cc use_dv : 0
cc num_rows_reported : <replace>
cc run_id : 1534281877
cc user_word : 0
cc array_id : 1
cc box_id : 19232748
cc cards_present : 0x3f3
cc cards_to_report : 0x3ff
cc rcs_to_report_data : 0x30
cc data_rate : <replace>
cc use_sync : 0
cc select_clk : 0
cc box_temp : 52
cc crc_err_en : 0
cc num_cols_reported : 1
cc internal_cmd_mode : 0
cc ramp_step_period : 50
cc ramp_min_val : -1475
cc ramp_step_size : 20
cc ramp_max_val : -1455
cc ramp_param_id : 31
cc ramp_card_addr : 3
cc ramp_step_data_num : 16
cc stop_dly : 10000
cc awg_sequence_length : 0
cc tdo_sample_dly : 2
cc tck_half_period : 8
rc1 row_len : <replace>
rc1 num_rows : <replace>
rc1 fpga_temp : 36
rc1 card_temp : 26
rc1 card_id : 0x10b2b69
rc1 card_type : 0x2
rc1 slot_id : 4
rc1 fw_rev : 0x5010002
rc1 led : 0x3
rc1 scratch : 0 0 0 0 0 0 0 0
rc1 gainp0 : 6 6 6 6 6 6 6 6 6 6 6 6 6 6 6 6 6 6 6 6 6 6 6 6 6 6 6 6 6 6 6 6 6 6 6 6 6 6 6 6 6
rc1 gainp1 : 6 6 6 6 6 6 6 6 6 6 6 6 6 6 6 6 6 6 6 6 6 6 6 6 6 6 6 6 6 6 6 6 6 6 6 6 6 6 6 6 6
rc1 gainp2 : 6 6 6 6 6 6 6 6 6 6 6 6 6 6 6 6 6 6 6 6 6 6 6 6 6 6 6 6 6 6 6 6 6 6 6 6 6 6 6 6 6
rc1 gainp3 : 6 6 6 6 6 6 6 6 6 6 6 6 6 6 6 6 6 6 6 6 6 6 6 6 6 6 6 6 6 6 6 6 6 6 6 6 6 6 6 6 6
rc1 gainp4 : 6 6 6 6 6 6 6 6 6 6 6 6 6 6 6 6 6 6 6 6 6 6 6 6 6 6 6 6 6 6 6 6 6 6 6 6 6 6 6 6 6
rc1 gainp5 : 6 6 6 6 6 6 6 6 6 6 6 6 6 6 6 6 6 6 6 6 6 6 6 6 6 6 6 6 6 6 6 6 6 6 6 6 6 6 6 6 6
rc1 gainp6 : 6 6 6 6 6 6 6 6 6 6 6 6 6 6 6 6 6 6 6 6 6 6 6 6 6 6 6 6 6 6 6 6 6 6 6 6 6 6 6 6 6
rc1 gainp7 : 6 6 6 6 6 6 6 6 6 6 6 6 6 6 6 6 6 6 6 6 6 6 6 6 6 6 6 6 6 6 6 6 6 6 6 6 6 6 6 6 6
rc1 gaini0 : -20 -20 -20 -20 -20 -20 -20 -20 -20 -20 -20 -20 -20 -20 -20 -20 -20 -20 -20 -20 -20 -20 -20 -20 -20 -20 -20 -20 -20 -20 -20 -20 -20 -20 -20 -20 -20 -20 -20 -20 -20
rc1 gaini1 : -20 -20 -20 -20 -20 -20 -20 -20 -20 -20 -20 -20 -20 -20 -20 -20 -20 -20 -20 -20 -20 -20 -20 -20 -20 -20 -20 -20 -20 -20 -20 -20 -20 -20 -20 -20 -20 -20 -20 -20 -20
rc1 gaini2 : -20 -20 -20 -20 -20 -20 -20 -20 -20 -20 -20 -20 -20 -20 -20 -20 -20 -20 -20 -20 -20 -20 -20 -20 -20 -20 -20 -20 -20 -20 -20 -20 -20 -20 -20 -20 -20 -20 -20 -20 -20
rc1 gaini3 : -20 -20 -20 -20 -20 -20 -20 -20 -20 -20 -20 -20 -20 -20 -20 -20 -20 -20 -20 -20 -20 -20 -20 -20 -20 -20 -20 -20 -20 -20 -20 -20 -20 -20 -20 -20 -20 -20 -20 -20 -20
rc1 gaini4 : -20 -20 -20 -20 -20 -20 -20 -20 -20 -20 -20 -20 -20 -20 -20 -20 -20 -20 -20 -20 -20 -20 -20 -20 -20 -20 -20 -20 -20 -20 -20 -20 -20 -20 -20 -20 -20 -20 -20 -20 -20
rc1 gaini5 : -20 -20 -20 -20 -20 -20 -20 -20 -20 -20 -20 -20 -20 -20 -20 -20 -20 -20 -20 -20 -20 -20 -20 -20 -20 -20 -20 -20 -20 -20 -20 -20 -20 -20 -20 -20 -20 -20 -20 -20 -20
rc1 gaini6 : -20 -20 -20 -20 -20 -20 -20 -20 -20 -20 -20 -20 -20 -20 -20 -20 -20 -20 -20 -20 -20 -20 -20 -20 -20 -20 -20 -20 -20 -20 -20 -20 -20 -20 -20 -20 -20 -20 -20 -20 -20
rc1 gaini7 : -20 -20 -20 -20 -20 -20 -20 -20 -20 -20 -20 -20 -20 -20 -20 -20 -20 -20 -20 -20 -20 -20 -20 -20 -20 -20 -20 -20 -20 -20 -20 -20 -20 -20 -20 -20 -20 -20 -20 -20 -20
rc1 flx_quanta0 : 7119 7118 7114 7120 7121 7121 7121 7126 7335 7127 7123 7132 7125 7123 7124 7122 7122 7122 7122 7121 7116 7116 7113 7115 7118 7121 7113 7115 7117 7111 7116 7118 7116 0 0 0 0 0 0 0 0
rc1 flx_quanta1 : 7101 7101 7098 7097 7099 7099 7101 7102 7101 7104 7093 7102 7100 7104 7101 7102 7100 7100 7100 7096 7099 7099 7101 7097 7098 7095 7099 7095 7096 7090 7097 7097 7096 0 0 0 0 0 0 0 0
rc1 flx_quanta2 : 7111 7108 7111 7111 7109 7110 7105 7111 7110 7112 7107 7113 7109 7115 7110 7115 7111 7115 7112 7112 7109 7111 7111 7110 7111 7109 7101 7104 7106 7101 7111 7111 7110 0 0 0 0 0 0 0 0
rc1 flx_quanta3 : 7095 7083 7087 7085 7086 7085 7085 7085 7089 7093 7096 7090 7096 7092 7094 7087 7087 7087 7084 7096 7061 7091 7083 7089 7090 7090 7089 7088 7091 7079 7082 7092 7093 0 0 0 0 0 0 0 0
rc1 flx_quanta4 : 7060 7064 7065 7067 7069 7066 7067 7070 7067 7061 7068 7071 7072 7071 7065 7065 7064 7066 7065 7059 7064 7067 7064 7058 7061 7065 7064 7065 7069 7072 7065 7064 7063 0 0 0 0 0 0 0 0
rc1 flx_quanta5 : 7141 7127 7130 7126 7128 7129 7130 7128 7135 7131 7130 7133 7135 7137 7132 7129 7127 7131 7130 7131 7133 7134 7130 7124 7132 7133 7130 7134 7131 7133 7132 7138 7134 0 0 0 0 0 0 0 0
rc1 flx_quanta6 : 7098 7090 7094 7094 7095 7089 7092 7094 7095 7094 7094 7094 7099 7097 7092 7096 7095 7097 7095 7092 7096 7098 7099 7096 7094 7092 7095 7095 7088 7096 7094 7094 7096 0 0 0 0 0 0 0 0
rc1 flx_quanta7 : 7127 7126 7127 7128 7126 7130 7128 7128 7131 7133 7130 7130 7129 7131 7128 7131 7127 7130 7130 7128 7129 7129 7130 7129 7129 7127 7130 7129 7127 7128 7130 7134 7129 0 0 0 0 0 0 0 0
rc1 gaind0 : 0 0 0 0 0 0 0 0 0 0 0 0 0 0 0 0 0 0 0 0 0 0 0 0 0 0 0 0 0 0 0 0 0 0 0 0 0 0 0 0 0
rc1 gaind1 : 0 0 0 0 0 0 0 0 0 0 0 0 0 0 0 0 0 0 0 0 0 0 0 0 0 0 0 0 0 0 0 0 0 0 0 0 0 0 0 0 0
rc1 gaind2 : 0 0 0 0 0 0 0 0 0 0 0 0 0 0 0 0 0 0 0 0 0 0 0 0 0 0 0 0 0 0 0 0 0 0 0 0 0 0 0 0 0
rc1 gaind3 : 0 0 0 0 0 0 0 0 0 0 0 0 0 0 0 0 0 0 0 0 0 0 0 0 0 0 0 0 0 0 0 0 0 0 0 0 0 0 0 0 0
rc1 gaind4 : 0 0 0 0 0 0 0 0 0 0 0 0 0 0 0 0 0 0 0 0 0 0 0 0 0 0 0 0 0 0 0 0 0 0 0 0 0 0 0 0 0
rc1 gaind5 : 0 0 0 0 0 0 0 0 0 0 0 0 0 0 0 0 0 0 0 0 0 0 0 0 0 0 0 0 0 0 0 0 0 0 0 0 0 0 0 0 0
rc1 gaind6 : 0 0 0 0 0 0 0 0 0 0 0 0 0 0 0 0 0 0 0 0 0 0 0 0 0 0 0 0 0 0 0 0 0 0 0 0 0 0 0 0 0
rc1 gaind7 : 0 0 0 0 0 0 0 0 0 0 0 0 0 0 0 0 0 0 0 0 0 0 0 0 0 0 0 0 0 0 0 0 0 0 0 0 0 0 0 0 0
rc1 adc_offset0 : 365 365 365 365 365 365 365 365 365 365 365 365 365 365 365 365 365 365 365 365 365 365 365 365 365 365 365 365 365 365 365 365 365 365 365 365 365 365 365 365 365
rc1 adc_offset1 : 858 858 858 858 858 858 858 858 858 858 858 858 858 858 858 858 858 858 858 858 858 858 858 858 858 858 858 858 858 858 858 858 858 858 858 858 858 858 858 858 858
rc1 adc_offset2 : 315 315 315 315 315 315 315 315 315 315 315 315 315 315 315 315 315 315 315 315 315 315 315 315 315 315 315 315 315 315 315 315 315 315 315 315 315 315 315 315 315
rc1 adc_offset3 : -1366 -1366 -1366 -1366 -1366 -1366 -1366 -1366 -1366 -1366 -1366 -1366 -1366 -1366 -1366 -1366 -1366 -1366 -1366 -1366 -1366 -1366 -1366 -1366 -1366 -1366 -1366 -1366 -1366 -1366 -1366 -1366 -1366 -1366 -1366 -1366 -1366 -1366 -1366 -1366 -1366
rc1 adc_offset4 : 591 591 591 591 591 591 591 591 591 591 591 591 591 591 591 591 591 591 591 591 591 591 591 591 591 591 591 591 591 591 591 591 591 591 591 591 591 591 591 591 591
rc1 adc_offset5 : 110 110 110 110 110 110 110 110 110 110 110 110 110 110 110 110 110 110 110 110 110 110 110 110 110 110 110 110 110 110 110 110 110 110 110 110 110 110 110 110 110
rc1 adc_offset6 : 474 474 474 474 474 474 474 474 474 474 474 474 474 474 474 474 474 474 474 474 474 474 474 474 474 474 474 474 474 474 474 474 474 474 474 474 474 474 474 474 474
rc1 adc_offset7 : 456 456 456 456 456 456 456 456 456 456 456 456 456 456 456 456 456 456 456 456 456 456 456 456 456 456 456 456 456 456 456 456 456 456 456 456 456 456 456 456 456
rc1 sa_bias : 33000 33000 33000 33000 34500 34500 36000 37500
rc1 offset : 4950 4950 4950 4950 5175 5175 5400 5625
rc1 readout_row_index : 0
rc1 en_fb_jump : 1
rc1 data_mode : 0
rc1 readout_col_index : 3
rc1 servo_mode : 0 0 0 0 0 0 0 0
rc1 ramp_dly : 0
rc1 ramp_amp : 0
rc1 ramp_step : 0
rc1 fb_const : 2988 130985 -1465 -2220 -500 1844 -1389 -978
rc1 sample_dly : 52
rc1 sample_num : 10
rc1 fb_dly : 7
rc1 num_rows_reported : <replace>
rc1 num_cols_reported : 1
rc1 fltr_type : 255
rc1 integral_clamp : 0
rc1 fltr_coeff : 32295 15915 32568 16188 3 14
rc2 row_len : <replace>
rc2 num_rows : <replace>
rc2 fpga_temp : 38
rc2 card_temp : 28
rc2 card_id : 0x10ad30a
rc2 card_type : 0x2
rc2 slot_id : 5
rc2 fw_rev : 0x5010002
rc2 led : 0x3
rc2 scratch : 0 0 0 0 0 0 0 0
rc2 gainp0 : 6 6 6 6 6 6 6 6 6 6 6 6 6 6 6 6 6 6 6 6 6 6 6 6 6 6 6 6 6 6 6 6 6 6 6 6 6 6 6 6 6
rc2 gainp1 : 6 6 6 6 6 6 6 6 6 6 6 6 6 6 6 6 6 6 6 6 6 6 6 6 6 6 6 6 6 6 6 6 6 6 6 6 6 6 6 6 6
rc2 gainp2 : 6 6 6 6 6 6 6 6 6 6 6 6 6 6 6 6 6 6 6 6 6 6 6 6 6 6 6 6 6 6 6 6 6 6 6 6 6 6 6 6 6
rc2 gainp3 : 6 6 6 6 6 6 6 6 6 6 6 6 6 6 6 6 6 6 6 6 6 6 6 6 6 6 6 6 6 6 6 6 6 6 6 6 6 6 6 6 6
rc2 gainp4 : 6 6 6 6 6 6 6 6 6 6 6 6 6 6 6 6 6 6 6 6 6 6 6 6 6 6 6 6 6 6 6 6 6 6 6 6 6 6 6 6 6
rc2 gainp5 : 6 6 6 6 6 6 6 6 6 6 6 6 6 6 6 6 6 6 6 6 6 6 6 6 6 6 6 6 6 6 6 6 6 6 6 6 6 6 6 6 6
rc2 gainp6 : 6 6 6 6 6 6 6 6 6 6 6 6 6 6 6 6 6 6 6 6 6 6 6 6 6 6 6 6 6 6 6 6 6 6 6 6 6 6 6 6 6
rc2 gainp7 : 6 6 6 6 6 6 6 6 6 6 6 6 6 6 6 6 6 6 6 6 6 6 6 6 6 6 6 6 6 6 6 6 6 6 6 6 6 6 6 6 6
rc2 gaini0 : -20 -20 -20 -20 -20 -20 -20 -20 -20 -20 -20 -20 -20 -20 -20 -20 -20 -20 -20 -20 -20 -20 -20 -20 -20 -20 -20 -20 -20 -20 -20 -20 -20 -20 -20 -20 -20 -20 -20 -20 -20
rc2 gaini1 : -20 -20 -20 -20 -20 -20 -20 -20 -20 -20 -20 -20 -20 -20 -20 -20 -20 -20 -20 -20 -20 -20 -20 -20 -20 -20 -20 -20 -20 -20 -20 -20 -20 -20 -20 -20 -20 -20 -20 -20 -20
rc2 gaini2 : -20 -20 -20 -20 -20 -20 -20 -20 -20 -20 -20 -20 -20 -20 -20 -20 -20 -20 -20 -20 -20 -20 -20 -20 -20 -20 -20 -20 -20 -20 -20 -20 -20 -20 -20 -20 -20 -20 -20 -20 -20
rc2 gaini3 : -20 -20 -20 -20 -20 -20 -20 -20 -20 -20 -20 -20 -20 -20 -20 -20 -20 -20 -20 -20 -20 -20 -20 -20 -20 -20 -20 -20 -20 -20 -20 -20 -20 -20 -20 -20 -20 -20 -20 -20 -20
rc2 gaini4 : -20 -20 -20 -20 -20 -20 -20 -20 -20 -20 -20 -20 -20 -20 -20 -20 -20 -20 -20 -20 -20 -20 -20 -20 -20 -20 -20 -20 -20 -20 -20 -20 -20 -20 -20 -20 -20 -20 -20 -20 -20
rc2 gaini5 : -20 -20 -20 -20 -20 -20 -20 -20 -20 -20 -20 -20 -20 -20 -20 -20 -20 -20 -20 -20 -20 -20 -20 -20 -20 -20 -20 -20 -20 -20 -20 -20 -20 -20 -20 -20 -20 -20 -20 -20 -20
rc2 gaini6 : -20 -20 -20 -20 -20 -20 -20 -20 -20 -20 -20 -20 -20 -20 -20 -20 -20 -20 -20 -20 -20 -20 -20 -20 -20 -20 -20 -20 -20 -20 -20 -20 -20 -20 -20 -20 -20 -20 -20 -20 -20
rc2 gaini7 : -20 -20 -20 -20 -20 -20 -20 -20 -20 -20 -20 -20 -20 -20 -20 -20 -20 -20 -20 -20 -20 -20 -20 -20 -20 -20 -20 -20 -20 -20 -20 -20 -20 -20 -20 -20 -20 -20 -20 -20 -20
rc2 flx_quanta0 : 7103 7104 7098 7101 7100 7099 7101 7102 7101 7101 7101 7105 7101 7102 7102 7098 7102 7101 7101 7102 7100 7102 7103 7097 7099 7098 7102 7099 7096 7103 7099 7102 7100 0 0 0 0 0 0 0 0
rc2 flx_quanta1 : 7100 7090 7086 7096 7096 7096 7094 7095 7101 7101 7098 7100 7095 7098 7098 7098 7094 7096 7095 7096 7096 7093 7094 7092 7094 7095 7090 7088 7090 7093 7093 7096 7093 0 0 0 0 0 0 0 0
rc2 flx_quanta2 : 7098 7083 7080 7084 7085 7086 7081 7087 7083 7086 7087 7083 7084 7085 7085 7085 7087 7087 7085 7081 7090 7089 7090 7086 7089 7089 7091 7086 7090 7090 7090 7094 7091 0 0 0 0 0 0 0 0
rc2 flx_quanta3 : 7138 7139 7140 7133 7130 7125 7128 7128 7135 7134 7137 7139 7139 7137 7132 7137 7137 7138 7134 7136 7132 7129 7134 7131 7133 7128 7127 7128 7132 7130 7133 7131 7132 0 0 0 0 0 0 0 0
rc2 flx_quanta4 : 7081 7077 7079 7079 7081 7081 7081 7082 7081 7082 7083 7081 7084 7079 7078 7079 7081 7078 7080 7076 7079 7076 7081 7077 7075 7075 7075 7073 7093 7078 7075 7078 7076 0 0 0 0 0 0 0 0
rc2 flx_quanta5 : 7146 7143 7141 7166 7141 7138 7141 7146 7144 7140 7165 7146 7140 7141 7141 7143 7140 7140 7139 7139 7141 7145 7142 7139 7139 7137 7138 7139 7139 7140 7136 7144 7136 0 0 0 0 0 0 0 0
rc2 flx_quanta6 : 0 0 0 0 0 0 0 0 0 0 0 0 0 0 0 0 0 0 0 0 0 0 0 0 0 0 0 0 0 0 0 0 0 0 0 0 0 0 0 0 0
rc2 flx_quanta7 : 7130 7112 7116 7122 7121 7123 7121 7124 7127 7124 7123 7125 7123 7033 7124 7122 7122 7123 7120 7121 7136 7134 7133 7124 7129 7131 7122 7132 7132 7121 7122 7125 7121 0 0 0 0 0 0 0 0
rc2 gaind0 : 0 0 0 0 0 0 0 0 0 0 0 0 0 0 0 0 0 0 0 0 0 0 0 0 0 0 0 0 0 0 0 0 0 0 0 0 0 0 0 0 0
rc2 gaind1 : 0 0 0 0 0 0 0 0 0 0 0 0 0 0 0 0 0 0 0 0 0 0 0 0 0 0 0 0 0 0 0 0 0 0 0 0 0 0 0 0 0
rc2 gaind2 : 0 0 0 0 0 0 0 0 0 0 0 0 0 0 0 0 0 0 0 0 0 0 0 0 0 0 0 0 0 0 0 0 0 0 0 0 0 0 0 0 0
rc2 gaind3 : 0 0 0 0 0 0 0 0 0 0 0 0 0 0 0 0 0 0 0 0 0 0 0 0 0 0 0 0 0 0 0 0 0 0 0 0 0 0 0 0 0
rc2 gaind4 : 0 0 0 0 0 0 0 0 0 0 0 0 0 0 0 0 0 0 0 0 0 0 0 0 0 0 0 0 0 0 0 0 0 0 0 0 0 0 0 0 0
rc2 gaind5 : 0 0 0 0 0 0 0 0 0 0 0 0 0 0 0 0 0 0 0 0 0 0 0 0 0 0 0 0 0 0 0 0 0 0 0 0 0 0 0 0 0
rc2 gaind6 : 0 0 0 0 0 0 0 0 0 0 0 0 0 0 0 0 0 0 0 0 0 0 0 0 0 0 0 0 0 0 0 0 0 0 0 0 0 0 0 0 0
rc2 gaind7 : 0 0 0 0 0 0 0 0 0 0 0 0 0 0 0 0 0 0 0 0 0 0 0 0 0 0 0 0 0 0 0 0 0 0 0 0 0 0 0 0 0
rc2 adc_offset0 : 280 280 280 280 280 280 280 280 280 280 280 280 280 280 280 280 280 280 280 280 280 280 280 280 280 280 280 280 280 280 280 280 280 280 280 280 280 280 280 280 280
rc2 adc_offset1 : 1841 1841 1841 1841 1841 1841 1841 1841 1841 1841 1841 1841 1841 1841 1841 1841 1841 1841 1841 1841 1841 1841 1841 1841 1841 1841 1841 1841 1841 1841 1841 1841 1841 1841 1841 1841 1841 1841 1841 1841 1841
rc2 adc_offset2 : 512 512 512 512 512 512 512 512 512 512 512 512 512 512 512 512 512 512 512 512 512 512 512 512 512 512 512 512 512 512 512 512 512 512 512 512 512 512 512 512 512
rc2 adc_offset3 : 2174 2174 2174 2174 2174 2174 2174 2174 2174 2174 2174 2174 2174 2174 2174 2174 2174 2174 2174 2174 2174 2174 2174 2174 2174 2174 2174 2174 2174 2174 2174 2174 2174 2174 2174 2174 2174 2174 2174 2174 2174
rc2 adc_offset4 : 986 986 986 986 986 986 986 986 986 986 986 986 986 986 986 986 986 986 986 986 986 986 986 986 986 986 986 986 986 986 986 986 986 986 986 986 986 986 986 986 986
rc2 adc_offset5 : 1255 1255 1255 1255 1255 1255 1255 1255 1255 1255 1255 1255 1255 1255 1255 1255 1255 1255 1255 1255 1255 1255 1255 1255 1255 1255 1255 1255 1255 1255 1255 1255 1255 1255 1255 1255 1255 1255 1255 1255 1255
rc2 adc_offset6 : -8192 -8192 -8192 -8192 -8192 -8192 -8192 -8192 -8192 -8192 -8192 -8192 -8192 -8192 -8192 -8192 -8192 -8192 -8192 -8192 -8192 -8192 -8192 -8192 -8192 -8192 -8192 -8192 -8192 -8192 -8192 -8192 -8192 -8192 -8192 -8192 -8192 -8192 -8192 -8192 -8192
rc2 adc_offset7 : 1375 1375 1375 1375 1375 1375 1375 1375 1375 1375 1375 1375 1375 1375 1375 1375 1375 1375 1375 1375 1375 1375 1375 1375 1375 1375 1375 1375 1375 1375 1375 1375 1375 1375 1375 1375 1375 1375 1375 1375 1375
rc2 sa_bias : 37500 39000 37500 39000 39000 39000 0 39000
rc2 offset : 5625 5850 5625 5850 5850 5850 5850 5850
rc2 readout_row_index : 0
rc2 en_fb_jump : 1
rc2 data_mode : 0
rc2 readout_col_index : 3
rc2 servo_mode : 0 0 0 0 0 0 0 0
rc2 ramp_dly : 0
rc2 ramp_amp : 0
rc2 ramp_step : 0
rc2 fb_const : 415 -697 2216 3442 1112 -1915 0 -1598
rc2 sample_dly : 52
rc2 sample_num : 10
rc2 fb_dly : 7
rc2 num_rows_reported : <replace>
rc2 num_cols_reported : 1
rc2 fltr_type : 255
rc2 integral_clamp : 0
rc2 fltr_coeff : 32295 15915 32568 16188 3 14
bc1 row_len : <replace>
bc1 num_rows : <replace>
bc1 fpga_temp : 24
bc1 card_temp : 24
bc1 card_id : 0x160ee55
bc1 card_type : 0xf01
bc1 slot_id : 1
bc1 fw_rev : 0x5000007
bc1 led : 0x3
bc1 scratch : 0 0 0 0 0 0 0 0
bc1 flux_fb : 25365 25436 26227 30483 1151 24894 25970 27152 25465 24890 25788 19429 14645 14065 8203 21162 50000 50000 50000 50000 52500 47500 50000 50000 47500 47500 50000 42500 35000 35000 0 32500
bc1 bias : 0 0 0 0 0 0 0 0 0 0 0 0
bc1 flux_fb_upper : 50000 50000 50000 50000 52500 47500 50000 50000 47500 47500 50000 42500 35000 35000 0 32500
bc2 row_len : <replace>
bc2 num_rows : <replace>
bc2 fpga_temp : 24
bc2 card_temp : 24
bc2 card_id : 0x20f37d4
bc2 card_type : 0x601
bc2 slot_id : 2
bc2 fw_rev : 0x5030001
bc2 led : 0x3
bc2 scratch : 0 0 0 0 0 0 0 0
bc2 flux_fb : 0 0 0 0 0 0 0 0 0 0 0 0 0 0 0 0 0 0 0 0 0 0 0 0 0 0 0 0 0 0 0 0
bc2 bias : 0 0 0 0 0 0 0 0 0 0 0 0
bc2 flux_fb_upper : 0 0 0 0 0 0 0 0 0 0 0 0 0 0 0 0
bc2 enbl_mux : 0 1 1 1 1 1 1 1 1 1 1 1 1 1 1 1 0 0 0 0 0 0 0 0 0 0 0 0 0 0 0 0
bc2 fb_col0 : 7996 7996 7996 7996 7996 7996 7996 7996 7996 7996 7996 7996 7996 7996 7996 7996 7996 7996 7996 7996 7996 7996 7996 7996 7996 7996 7996 7996 7996 7996 7996 7996 7996 7996 7996 7996 7996 7996 7996 7996 7996
bc2 fb_col1 : 8302 8302 8302 8302 8302 8302 8302 8302 8302 8302 8302 8302 8302 8302 8302 8302 8302 8302 8302 8302 8302 8302 8302 8302 8302 8302 8302 8302 8302 8302 8302 8302 8302 8302 8302 8302 8302 8302 8302 8302 8302
bc2 fb_col2 : 5750 5750 5750 5750 5750 5750 5750 5750 5750 5750 5750 5750 5750 5750 5750 5750 5750 5750 5750 5750 5750 5750 5750 5750 5750 5750 5750 5750 5750 5750 5750 5750 5750 5750 5750 5750 5750 5750 5750 5750 5750
bc2 fb_col3 : 8930 8930 8930 8930 8930 8930 8930 8930 8930 8930 8930 8930 8930 8930 8930 8930 8930 8930 8930 8930 8930 8930 8930 8930 8930 8930 8930 8930 8930 8930 8930 8930 8930 8930 8930 8930 8930 8930 8930 8930 8930
bc2 fb_col4 : 9175 9175 9175 9175 9175 9175 9175 9175 9175 9175 9175 9175 9175 9175 9175 9175 9175 9175 9175 9175 9175 9175 9175 9175 9175 9175 9175 9175 9175 9175 9175 9175 9175 9175 9175 9175 9175 9175 9175 9175 9175
bc2 fb_col5 : 917 917 917 917 917 917 917 917 917 917 917 917 917 917 917 917 917 917 917 917 917 917 917 917 917 917 917 917 917 917 917 917 917 917 917 917 917 917 917 917 917
bc2 fb_col6 : 9191 9191 9191 9191 9191 9191 9191 9191 9191 9191 9191 9191 9191 9191 9191 9191 9191 9191 9191 9191 9191 9191 9191 9191 9191 9191 9191 9191 9191 9191 9191 9191 9191 9191 9191 9191 9191 9191 9191 9191 9191
bc2 fb_col7 : 7580 7580 7580 7580 7580 7580 7580 7580 7580 7580 7580 7580 7580 7580 7580 7580 7580 7580 7580 7580 7580 7580 7580 7580 7580 7580 7580 7580 7580 7580 7580 7580 7580 7580 7580 7580 7580 7580 7580 7580 7580
bc2 fb_col8 : 8801 8801 8801 8801 8801 8801 8801 8801 8801 8801 8801 8801 8801 8801 8801 8801 8801 8801 8801 8801 8801 8801 8801 8801 8801 8801 8801 8801 8801 8801 8801 8801 8801 8801 8801 8801 8801 8801 8801 8801 8801
bc2 fb_col9 : 7189 7189 7189 7189 7189 7189 7189 7189 7189 7189 7189 7189 7189 7189 7189 7189 7189 7189 7189 7189 7189 7189 7189 7189 7189 7189 7189 7189 7189 7189 7189 7189 7189 7189 7189 7189 7189 7189 7189 7189 7189
bc2 fb_col10 : 8288 8288 8288 8288 8288 8288 8288 8288 8288 8288 8288 8288 8288 8288 8288 8288 8288 8288 8288 8288 8288 8288 8288 8288 8288 8288 8288 8288 8288 8288 8288 8288 8288 8288 8288 8288 8288 8288 8288 8288 8288
bc2 fb_col11 : 2274 2274 2274 2274 2274 2274 2274 2274 2274 2274 2274 2274 2274 2274 2274 2274 2274 2274 2274 2274 2274 2274 2274 2274 2274 2274 2274 2274 2274 2274 2274 2274 2274 2274 2274 2274 2274 2274 2274 2274 2274
bc2 fb_col12 : 2465 2465 2465 2465 2465 2465 2465 2465 2465 2465 2465 2465 2465 2465 2465 2465 2465 2465 2465 2465 2465 2465 2465 2465 2465 2465 2465 2465 2465 2465 2465 2465 2465 2465 2465 2465 2465 2465 2465 2465 2465
bc2 fb_col13 : 4069 4069 4069 4069 4069 4069 4069 4069 4069 4069 4069 4069 4069 4069 4069 4069 4069 4069 4069 4069 4069 4069 4069 4069 4069 4069 4069 4069 4069 4069 4069 4069 4069 4069 4069 4069 4069 4069 4069 4069 4069
bc2 fb_col14 : 34293 34293 34293 34293 34293 34293 34293 34293 34293 34293 34293 34293 34293 34293 34293 34293 34293 34293 34293 34293 34293 34293 34293 34293 34293 34293 34293 34293 34293 34293 34293 34293 34293 34293 34293 34293 34293 34293 34293 34293 34293
bc2 fb_col15 : 8156 8156 8156 8156 8156 8156 8156 8156 8156 8156 8156 8156 8156 8156 8156 8156 8156 8156 8156 8156 8156 8156 8156 8156 8156 8156 8156 8156 8156 8156 8156 8156 8156 8156 8156 8156 8156 8156 8156 8156 8156
bc2 fb_col16 : 0 0 0 0 0 0 0 0 0 0 0 0 0 0 0 0 0 0 0 0 0 0 0 0 0 0 0 0 0 0 0 0 0 0 0 0 0 0 0 0 0
bc2 fb_col17 : 0 0 0 0 0 0 0 0 0 0 0 0 0 0 0 0 0 0 0 0 0 0 0 0 0 0 0 0 0 0 0 0 0 0 0 0 0 0 0 0 0
bc2 fb_col18 : 0 0 0 0 0 0 0 0 0 0 0 0 0 0 0 0 0 0 0 0 0 0 0 0 0 0 0 0 0 0 0 0 0 0 0 0 0 0 0 0 0
bc2 fb_col19 : 0 0 0 0 0 0 0 0 0 0 0 0 0 0 0 0 0 0 0 0 0 0 0 0 0 0 0 0 0 0 0 0 0 0 0 0 0 0 0 0 0
bc2 fb_col20 : 0 0 0 0 0 0 0 0 0 0 0 0 0 0 0 0 0 0 0 0 0 0 0 0 0 0 0 0 0 0 0 0 0 0 0 0 0 0 0 0 0
bc2 fb_col21 : 0 0 0 0 0 0 0 0 0 0 0 0 0 0 0 0 0 0 0 0 0 0 0 0 0 0 0 0 0 0 0 0 0 0 0 0 0 0 0 0 0
bc2 fb_col22 : 0 0 0 0 0 0 0 0 0 0 0 0 0 0 0 0 0 0 0 0 0 0 0 0 0 0 0 0 0 0 0 0 0 0 0 0 0 0 0 0 0
bc2 fb_col23 : 0 0 0 0 0 0 0 0 0 0 0 0 0 0 0 0 0 0 0 0 0 0 0 0 0 0 0 0 0 0 0 0 0 0 0 0 0 0 0 0 0
bc2 fb_col24 : 0 0 0 0 0 0 0 0 0 0 0 0 0 0 0 0 0 0 0 0 0 0 0 0 0 0 0 0 0 0 0 0 0 0 0 0 0 0 0 0 0
bc2 fb_col25 : 0 0 0 0 0 0 0 0 0 0 0 0 0 0 0 0 0 0 0 0 0 0 0 0 0 0 0 0 0 0 0 0 0 0 0 0 0 0 0 0 0
bc2 fb_col26 : 0 0 0 0 0 0 0 0 0 0 0 0 0 0 0 0 0 0 0 0 0 0 0 0 0 0 0 0 0 0 0 0 0 0 0 0 0 0 0 0 0
bc2 fb_col27 : 0 0 0 0 0 0 0 0 0 0 0 0 0 0 0 0 0 0 0 0 0 0 0 0 0 0 0 0 0 0 0 0 0 0 0 0 0 0 0 0 0
bc2 fb_col28 : 0 0 0 0 0 0 0 0 0 0 0 0 0 0 0 0 0 0 0 0 0 0 0 0 0 0 0 0 0 0 0 0 0 0 0 0 0 0 0 0 0
bc2 fb_col29 : 0 0 0 0 0 0 0 0 0 0 0 0 0 0 0 0 0 0 0 0 0 0 0 0 0 0 0 0 0 0 0 0 0 0 0 0 0 0 0 0 0
bc2 fb_col30 : 0 0 0 0 0 0 0 0 0 0 0 0 0 0 0 0 0 0 0 0 0 0 0 0 0 0 0 0 0 0 0 0 0 0 0 0 0 0 0 0 0
bc2 fb_col31 : 0 0 0 0 0 0 0 0 0 0 0 0 0 0 0 0 0 0 0 0 0 0 0 0 0 0 0 0 0 0 0 0 0 0 0 0 0 0 0 0 0
bc3 row_len : <replace>
bc3 num_rows : <replace>
bc3 fpga_temp : 26
bc3 card_temp : 24
bc3 card_id : 0x160ea78
bc3 card_type : 0xf01
bc3 slot_id : 3
bc3 fw_rev : 0x5000005
bc3 led : 0x3
bc3 scratch : 0 0 0 0 0 0 0 0
bc3 flux_fb : 3000 3000 3000 3000 3000 3000 3000 3000 3000 3000 3000 3000 3000 3000 3000 3000 0 0 0 0 0 0 0 0 0 0 0 0 0 0 0 0
bc3 bias : 0 0 0 0 0 0 0 0 0 0 0 0
bc3 flux_fb_upper : 0 0 0 0 0 0 0 0 0 0 0 0 0 0 0 0
ac row_len : <replace>
ac num_rows : <replace>
ac fpga_temp : 26
ac card_temp : 26
ac card_id : 0x19c2427
ac card_type : 0
ac slot_id : 0
ac fw_rev : 0x5000004
ac led : 0x3
ac scratch : 0 0 0 0 0 0 0 0
ac row_dly : 2
ac row_order : 10 10 10 10 10 10 10 10 10 10 10 10 10 10 10 10 10 10 10 10 10 10 10 10 10 10 10 10 10 10 10 10 10 10 10 10 10 10 10 10 10
ac on_bias : 0 0 0 0 0 0 0 0 0 0 4600 0 0 0 0 0 0 0 0 0 0 0 0 0 0 0 0 0 0 0 0 0 0 0 0 0 0 0 0 0 0
ac off_bias : 0 0 0 0 0 0 0 0 0 0 4600 0 0 0 0 0 0 0 0 0 0 0 0 0 0 0 0 0 0 0 0 0 0 0 0 0 0 0 0 0 0
ac enbl_mux : 1
sys num_rows : 2 2 2 2 2 2 2
sys row_len : 62 62 62 62 62 62 62
sq2 fb_col0 : 7996 7996 7996 7996 7996 7996 7996 7996 7996 7996 7996 7996 7996 7996 7996 7996 7996 7996 7996 7996 7996 7996 7996 7996 7996 7996 7996 7996 7996 7996 7996 7996 7996 7996 7996 7996 7996 7996 7996 7996 7996
sq2 fb_col1 : 8302 8302 8302 8302 8302 8302 8302 8302 8302 8302 8302 8302 8302 8302 8302 8302 8302 8302 8302 8302 8302 8302 8302 8302 8302 8302 8302 8302 8302 8302 8302 8302 8302 8302 8302 8302 8302 8302 8302 8302 8302
sq2 fb_col2 : 5750 5750 5750 5750 5750 5750 5750 5750 5750 5750 5750 5750 5750 5750 5750 5750 5750 5750 5750 5750 5750 5750 5750 5750 5750 5750 5750 5750 5750 5750 5750 5750 5750 5750 5750 5750 5750 5750 5750 5750 5750
sq2 fb_col3 : 8930 8930 8930 8930 8930 8930 8930 8930 8930 8930 8930 8930 8930 8930 8930 8930 8930 8930 8930 8930 8930 8930 8930 8930 8930 8930 8930 8930 8930 8930 8930 8930 8930 8930 8930 8930 8930 8930 8930 8930 8930
sq2 fb_col4 : 9175 9175 9175 9175 9175 9175 9175 9175 9175 9175 9175 9175 9175 9175 9175 9175 9175 9175 9175 9175 9175 9175 9175 9175 9175 9175 9175 9175 9175 9175 9175 9175 9175 9175 9175 9175 9175 9175 9175 9175 9175
sq2 fb_col5 : 917 917 917 917 917 917 917 917 917 917 917 917 917 917 917 917 917 917 917 917 917 917 917 917 917 917 917 917 917 917 917 917 917 917 917 917 917 917 917 917 917
sq2 fb_col6 : 9191 9191 9191 9191 9191 9191 9191 9191 9191 9191 9191 9191 9191 9191 9191 9191 9191 9191 9191 9191 9191 9191 9191 9191 9191 9191 9191 9191 9191 9191 9191 9191 9191 9191 9191 9191 9191 9191 9191 9191 9191
sq2 fb_col7 : 7580 7580 7580 7580 7580 7580 7580 7580 7580 7580 7580 7580 7580 7580 7580 7580 7580 7580 7580 7580 7580 7580 7580 7580 7580 7580 7580 7580 7580 7580 7580 7580 7580 7580 7580 7580 7580 7580 7580 7580 7580
sq2 fb_col8 : 8801 8801 8801 8801 8801 8801 8801 8801 8801 8801 8801 8801 8801 8801 8801 8801 8801 8801 8801 8801 8801 8801 8801 8801 8801 8801 8801 8801 8801 8801 8801 8801 8801 8801 8801 8801 8801 8801 8801 8801 8801
sq2 fb_col9 : 7189 7189 7189 7189 7189 7189 7189 7189 7189 7189 7189 7189 7189 7189 7189 7189 7189 7189 7189 7189 7189 7189 7189 7189 7189 7189 7189 7189 7189 7189 7189 7189 7189 7189 7189 7189 7189 7189 7189 7189 7189
sq2 fb_col10 : 8288 8288 8288 8288 8288 8288 8288 8288 8288 8288 8288 8288 8288 8288 8288 8288 8288 8288 8288 8288 8288 8288 8288 8288 8288 8288 8288 8288 8288 8288 8288 8288 8288 8288 8288 8288 8288 8288 8288 8288 8288
sq2 fb_col11 : 2274 2274 2274 2274 2274 2274 2274 2274 2274 2274 2274 2274 2274 2274 2274 2274 2274 2274 2274 2274 2274 2274 2274 2274 2274 2274 2274 2274 2274 2274 2274 2274 2274 2274 2274 2274 2274 2274 2274 2274 2274
sq2 fb_col12 : 2465 2465 2465 2465 2465 2465 2465 2465 2465 2465 2465 2465 2465 2465 2465 2465 2465 2465 2465 2465 2465 2465 2465 2465 2465 2465 2465 2465 2465 2465 2465 2465 2465 2465 2465 2465 2465 2465 2465 2465 2465
sq2 fb_col13 : 4069 4069 4069 4069 4069 4069 4069 4069 4069 4069 4069 4069 4069 4069 4069 4069 4069 4069 4069 4069 4069 4069 4069 4069 4069 4069 4069 4069 4069 4069 4069 4069 4069 4069 4069 4069 4069 4069 4069 4069 4069
sq2 fb_col14 : 34293 34293 34293 34293 34293 34293 34293 34293 34293 34293 34293 34293 34293 34293 34293 34293 34293 34293 34293 34293 34293 34293 34293 34293 34293 34293 34293 34293 34293 34293 34293 34293 34293 34293 34293 34293 34293 34293 34293 34293 34293
sq2 fb_col15 : 8156 8156 8156 8156 8156 8156 8156 8156 8156 8156 8156 8156 8156 8156 8156 8156 8156 8156 8156 8156 8156 8156 8156 8156 8156 8156 8156 8156 8156 8156 8156 8156 8156 8156 8156 8156 8156 8156 8156 8156 8156
sq2 enbl_mux : 0 1 1 1 1 1 1 1 1 1 1 1 1 1 1 1
sq2 fb : 0 0 0 0 0 0 0 0 0 0 0 0 0 0 0 0
sq2 bias : 50000 50000 50000 50000 52500 47500 50000 50000 47500 47500 50000 42500 35000 35000 0 32500
sq1 bias : 0 0 0 0 0 0 0 0 0 0 4600 0 0 0 0 0 0 0 0 0 0 0 0 0 0 0 0 0 0 0 0 0 0 0 0 0 0 0 0 0 0
sq1 bias_off : 0 0 0 0 0 0 0 0 0 0 4600 0 0 0 0 0 0 0 0 0 0 0 0 0 0 0 0 0 0 0 0 0 0 0 0 0 0 0 0 0 0
sq1 fb_const : 2988 130985 -1465 -2220 -500 1844 -1389 -978 415 -697 2216 3442 1112 -1915 0 -1598
sq1 servo_mode : 0 0 0 0 0 0 0 0 0 0 0 0 0 0 0 0
sa fb : 25365 25436 26227 30483 1151 24894 25970 27152 25465 24890 25788 19429 14645 14065 8203 21162
sa bias : 33000 33000 33000 33000 34500 34500 36000 37500 37500 39000 37500 39000 39000 39000 0 39000
sa offset : 4950 4950 4950 4950 5175 5175 5400 5625 5625 5850 5625 5850 5850 5850 5850 5850
tes bias : 3000 3000 3000 3000 3000 3000 3000 3000 3000 3000 3000 3000 3000 3000 3000 3000
# End snapshot, ctime=<replace>
